{
 "cells": [
  {
   "cell_type": "markdown",
   "metadata": {},
   "source": [
    "# Ridge Regression and  Lasso Regression"
   ]
  },
  {
   "cell_type": "markdown",
   "metadata": {},
   "source": [
    "Example of Ridge Regression and Lasso Regression"
   ]
  },
  {
   "cell_type": "code",
   "execution_count": 1,
   "metadata": {},
   "outputs": [],
   "source": [
    "# perform standard imports\n",
    "import numpy as np\n",
    "import pandas as pd\n",
    "\n",
    "from sklearn.pipeline import Pipeline\n",
    "from sklearn.preprocessing import StandardScaler, scale\n",
    "from sklearn.linear_model import Ridge, RidgeCV, Lasso, LassoCV\n",
    "from sklearn.model_selection import cross_validate\n",
    "from sklearn.model_selection import KFold\n",
    "from sklearn.model_selection import cross_val_score\n",
    "from matplotlib import pyplot as plt\n",
    "from operator import itemgetter\n",
    "\n",
    "%matplotlib inline\n",
    "plt.style.use('ggplot') # emulate R's pretty plotting\n",
    "\n",
    "# print numpy arrays with precision 4\n",
    "#np.set_printoptions(precision=4)"
   ]
  },
  {
   "cell_type": "markdown",
   "metadata": {},
   "source": [
    "## Load Hitters Dataset (We should do a RedSox dataset later.:)"
   ]
  },
  {
   "cell_type": "code",
   "execution_count": 2,
   "metadata": {},
   "outputs": [
    {
     "data": {
      "text/html": [
       "<div>\n",
       "<style scoped>\n",
       "    .dataframe tbody tr th:only-of-type {\n",
       "        vertical-align: middle;\n",
       "    }\n",
       "\n",
       "    .dataframe tbody tr th {\n",
       "        vertical-align: top;\n",
       "    }\n",
       "\n",
       "    .dataframe thead th {\n",
       "        text-align: right;\n",
       "    }\n",
       "</style>\n",
       "<table border=\"1\" class=\"dataframe\">\n",
       "  <thead>\n",
       "    <tr style=\"text-align: right;\">\n",
       "      <th></th>\n",
       "      <th>AtBat</th>\n",
       "      <th>Hits</th>\n",
       "      <th>HmRun</th>\n",
       "      <th>Runs</th>\n",
       "      <th>RBI</th>\n",
       "      <th>Walks</th>\n",
       "      <th>Years</th>\n",
       "      <th>CAtBat</th>\n",
       "      <th>CHits</th>\n",
       "      <th>CHmRun</th>\n",
       "      <th>CRuns</th>\n",
       "      <th>CRBI</th>\n",
       "      <th>CWalks</th>\n",
       "      <th>PutOuts</th>\n",
       "      <th>Assists</th>\n",
       "      <th>Errors</th>\n",
       "      <th>Salary</th>\n",
       "      <th>League_N</th>\n",
       "      <th>Division_W</th>\n",
       "      <th>NewLeague_N</th>\n",
       "    </tr>\n",
       "    <tr>\n",
       "      <th>Player</th>\n",
       "      <th></th>\n",
       "      <th></th>\n",
       "      <th></th>\n",
       "      <th></th>\n",
       "      <th></th>\n",
       "      <th></th>\n",
       "      <th></th>\n",
       "      <th></th>\n",
       "      <th></th>\n",
       "      <th></th>\n",
       "      <th></th>\n",
       "      <th></th>\n",
       "      <th></th>\n",
       "      <th></th>\n",
       "      <th></th>\n",
       "      <th></th>\n",
       "      <th></th>\n",
       "      <th></th>\n",
       "      <th></th>\n",
       "      <th></th>\n",
       "    </tr>\n",
       "  </thead>\n",
       "  <tbody>\n",
       "    <tr>\n",
       "      <th>-Alan Ashby</th>\n",
       "      <td>315</td>\n",
       "      <td>81</td>\n",
       "      <td>7</td>\n",
       "      <td>24</td>\n",
       "      <td>38</td>\n",
       "      <td>39</td>\n",
       "      <td>14</td>\n",
       "      <td>3449</td>\n",
       "      <td>835</td>\n",
       "      <td>69</td>\n",
       "      <td>321</td>\n",
       "      <td>414</td>\n",
       "      <td>375</td>\n",
       "      <td>632</td>\n",
       "      <td>43</td>\n",
       "      <td>10</td>\n",
       "      <td>475.0</td>\n",
       "      <td>1</td>\n",
       "      <td>1</td>\n",
       "      <td>1</td>\n",
       "    </tr>\n",
       "    <tr>\n",
       "      <th>-Alvin Davis</th>\n",
       "      <td>479</td>\n",
       "      <td>130</td>\n",
       "      <td>18</td>\n",
       "      <td>66</td>\n",
       "      <td>72</td>\n",
       "      <td>76</td>\n",
       "      <td>3</td>\n",
       "      <td>1624</td>\n",
       "      <td>457</td>\n",
       "      <td>63</td>\n",
       "      <td>224</td>\n",
       "      <td>266</td>\n",
       "      <td>263</td>\n",
       "      <td>880</td>\n",
       "      <td>82</td>\n",
       "      <td>14</td>\n",
       "      <td>480.0</td>\n",
       "      <td>0</td>\n",
       "      <td>1</td>\n",
       "      <td>0</td>\n",
       "    </tr>\n",
       "    <tr>\n",
       "      <th>-Andre Dawson</th>\n",
       "      <td>496</td>\n",
       "      <td>141</td>\n",
       "      <td>20</td>\n",
       "      <td>65</td>\n",
       "      <td>78</td>\n",
       "      <td>37</td>\n",
       "      <td>11</td>\n",
       "      <td>5628</td>\n",
       "      <td>1575</td>\n",
       "      <td>225</td>\n",
       "      <td>828</td>\n",
       "      <td>838</td>\n",
       "      <td>354</td>\n",
       "      <td>200</td>\n",
       "      <td>11</td>\n",
       "      <td>3</td>\n",
       "      <td>500.0</td>\n",
       "      <td>1</td>\n",
       "      <td>0</td>\n",
       "      <td>1</td>\n",
       "    </tr>\n",
       "    <tr>\n",
       "      <th>-Andres Galarraga</th>\n",
       "      <td>321</td>\n",
       "      <td>87</td>\n",
       "      <td>10</td>\n",
       "      <td>39</td>\n",
       "      <td>42</td>\n",
       "      <td>30</td>\n",
       "      <td>2</td>\n",
       "      <td>396</td>\n",
       "      <td>101</td>\n",
       "      <td>12</td>\n",
       "      <td>48</td>\n",
       "      <td>46</td>\n",
       "      <td>33</td>\n",
       "      <td>805</td>\n",
       "      <td>40</td>\n",
       "      <td>4</td>\n",
       "      <td>91.5</td>\n",
       "      <td>1</td>\n",
       "      <td>0</td>\n",
       "      <td>1</td>\n",
       "    </tr>\n",
       "    <tr>\n",
       "      <th>-Alfredo Griffin</th>\n",
       "      <td>594</td>\n",
       "      <td>169</td>\n",
       "      <td>4</td>\n",
       "      <td>74</td>\n",
       "      <td>51</td>\n",
       "      <td>35</td>\n",
       "      <td>11</td>\n",
       "      <td>4408</td>\n",
       "      <td>1133</td>\n",
       "      <td>19</td>\n",
       "      <td>501</td>\n",
       "      <td>336</td>\n",
       "      <td>194</td>\n",
       "      <td>282</td>\n",
       "      <td>421</td>\n",
       "      <td>25</td>\n",
       "      <td>750.0</td>\n",
       "      <td>0</td>\n",
       "      <td>1</td>\n",
       "      <td>0</td>\n",
       "    </tr>\n",
       "  </tbody>\n",
       "</table>\n",
       "</div>"
      ],
      "text/plain": [
       "                   AtBat  Hits  HmRun  Runs  RBI  Walks  Years  CAtBat  CHits  \\\n",
       "Player                                                                          \n",
       "-Alan Ashby          315    81      7    24   38     39     14    3449    835   \n",
       "-Alvin Davis         479   130     18    66   72     76      3    1624    457   \n",
       "-Andre Dawson        496   141     20    65   78     37     11    5628   1575   \n",
       "-Andres Galarraga    321    87     10    39   42     30      2     396    101   \n",
       "-Alfredo Griffin     594   169      4    74   51     35     11    4408   1133   \n",
       "\n",
       "                   CHmRun  CRuns  CRBI  CWalks  PutOuts  Assists  Errors  \\\n",
       "Player                                                                     \n",
       "-Alan Ashby            69    321   414     375      632       43      10   \n",
       "-Alvin Davis           63    224   266     263      880       82      14   \n",
       "-Andre Dawson         225    828   838     354      200       11       3   \n",
       "-Andres Galarraga      12     48    46      33      805       40       4   \n",
       "-Alfredo Griffin       19    501   336     194      282      421      25   \n",
       "\n",
       "                   Salary  League_N  Division_W  NewLeague_N  \n",
       "Player                                                        \n",
       "-Alan Ashby         475.0         1           1            1  \n",
       "-Alvin Davis        480.0         0           1            0  \n",
       "-Andre Dawson       500.0         1           0            1  \n",
       "-Andres Galarraga    91.5         1           0            1  \n",
       "-Alfredo Griffin    750.0         0           1            0  "
      ]
     },
     "execution_count": 2,
     "metadata": {},
     "output_type": "execute_result"
    }
   ],
   "source": [
    " \n",
    "# categorical variables. See that lab for details...\n",
    "hitters = pd.read_csv('Hitters.csv', index_col=0).dropna()\n",
    "\n",
    "# Create a set of dummy variables for the categoricals\n",
    "dummies = pd.get_dummies(hitters[['League', 'Division', 'NewLeague']])\n",
    "\n",
    "# Generate new dataframe with new dummy variables\n",
    "hitters = hitters.drop(['League', 'Division', 'NewLeague'], axis=1)\n",
    "\n",
    "# add new dummy variables to hitters\n",
    "hitters = pd.concat([hitters, dummies[['League_N', 'Division_W', 'NewLeague_N']]],axis=1)\n",
    "\n",
    "hitters.head()"
   ]
  },
  {
   "cell_type": "code",
   "execution_count": 3,
   "metadata": {},
   "outputs": [
    {
     "data": {
      "text/html": [
       "<div>\n",
       "<style scoped>\n",
       "    .dataframe tbody tr th:only-of-type {\n",
       "        vertical-align: middle;\n",
       "    }\n",
       "\n",
       "    .dataframe tbody tr th {\n",
       "        vertical-align: top;\n",
       "    }\n",
       "\n",
       "    .dataframe thead th {\n",
       "        text-align: right;\n",
       "    }\n",
       "</style>\n",
       "<table border=\"1\" class=\"dataframe\">\n",
       "  <thead>\n",
       "    <tr style=\"text-align: right;\">\n",
       "      <th></th>\n",
       "      <th>AtBat</th>\n",
       "      <th>Hits</th>\n",
       "      <th>HmRun</th>\n",
       "      <th>Runs</th>\n",
       "      <th>RBI</th>\n",
       "      <th>Walks</th>\n",
       "      <th>Years</th>\n",
       "      <th>CAtBat</th>\n",
       "      <th>CHits</th>\n",
       "      <th>CHmRun</th>\n",
       "      <th>CRuns</th>\n",
       "      <th>CRBI</th>\n",
       "      <th>CWalks</th>\n",
       "      <th>PutOuts</th>\n",
       "      <th>Assists</th>\n",
       "      <th>Errors</th>\n",
       "      <th>Salary</th>\n",
       "      <th>League_N</th>\n",
       "      <th>Division_W</th>\n",
       "      <th>NewLeague_N</th>\n",
       "    </tr>\n",
       "  </thead>\n",
       "  <tbody>\n",
       "    <tr>\n",
       "      <th>AtBat</th>\n",
       "      <td>1.000000</td>\n",
       "      <td>0.963969</td>\n",
       "      <td>0.555102</td>\n",
       "      <td>0.899829</td>\n",
       "      <td>0.796015</td>\n",
       "      <td>0.624448</td>\n",
       "      <td>0.012725</td>\n",
       "      <td>0.207166</td>\n",
       "      <td>0.225341</td>\n",
       "      <td>0.212422</td>\n",
       "      <td>0.237278</td>\n",
       "      <td>0.221393</td>\n",
       "      <td>0.132926</td>\n",
       "      <td>0.309607</td>\n",
       "      <td>0.342117</td>\n",
       "      <td>0.325577</td>\n",
       "      <td>0.394771</td>\n",
       "      <td>-0.153176</td>\n",
       "      <td>-0.056341</td>\n",
       "      <td>-0.089838</td>\n",
       "    </tr>\n",
       "    <tr>\n",
       "      <th>Hits</th>\n",
       "      <td>0.963969</td>\n",
       "      <td>1.000000</td>\n",
       "      <td>0.530627</td>\n",
       "      <td>0.910630</td>\n",
       "      <td>0.788478</td>\n",
       "      <td>0.587311</td>\n",
       "      <td>0.018598</td>\n",
       "      <td>0.206678</td>\n",
       "      <td>0.235606</td>\n",
       "      <td>0.189364</td>\n",
       "      <td>0.238896</td>\n",
       "      <td>0.219384</td>\n",
       "      <td>0.122971</td>\n",
       "      <td>0.299688</td>\n",
       "      <td>0.303975</td>\n",
       "      <td>0.279876</td>\n",
       "      <td>0.438675</td>\n",
       "      <td>-0.153522</td>\n",
       "      <td>-0.083266</td>\n",
       "      <td>-0.094990</td>\n",
       "    </tr>\n",
       "    <tr>\n",
       "      <th>HmRun</th>\n",
       "      <td>0.555102</td>\n",
       "      <td>0.530627</td>\n",
       "      <td>1.000000</td>\n",
       "      <td>0.631076</td>\n",
       "      <td>0.849107</td>\n",
       "      <td>0.440454</td>\n",
       "      <td>0.113488</td>\n",
       "      <td>0.217464</td>\n",
       "      <td>0.217496</td>\n",
       "      <td>0.492526</td>\n",
       "      <td>0.258347</td>\n",
       "      <td>0.349858</td>\n",
       "      <td>0.227183</td>\n",
       "      <td>0.250931</td>\n",
       "      <td>-0.161602</td>\n",
       "      <td>-0.009743</td>\n",
       "      <td>0.343028</td>\n",
       "      <td>-0.222965</td>\n",
       "      <td>-0.034851</td>\n",
       "      <td>-0.199424</td>\n",
       "    </tr>\n",
       "    <tr>\n",
       "      <th>Runs</th>\n",
       "      <td>0.899829</td>\n",
       "      <td>0.910630</td>\n",
       "      <td>0.631076</td>\n",
       "      <td>1.000000</td>\n",
       "      <td>0.778692</td>\n",
       "      <td>0.697015</td>\n",
       "      <td>-0.011975</td>\n",
       "      <td>0.171811</td>\n",
       "      <td>0.191327</td>\n",
       "      <td>0.229701</td>\n",
       "      <td>0.237831</td>\n",
       "      <td>0.202335</td>\n",
       "      <td>0.163700</td>\n",
       "      <td>0.271160</td>\n",
       "      <td>0.179258</td>\n",
       "      <td>0.192609</td>\n",
       "      <td>0.419859</td>\n",
       "      <td>-0.206001</td>\n",
       "      <td>-0.107672</td>\n",
       "      <td>-0.154911</td>\n",
       "    </tr>\n",
       "    <tr>\n",
       "      <th>RBI</th>\n",
       "      <td>0.796015</td>\n",
       "      <td>0.788478</td>\n",
       "      <td>0.849107</td>\n",
       "      <td>0.778692</td>\n",
       "      <td>1.000000</td>\n",
       "      <td>0.569505</td>\n",
       "      <td>0.129668</td>\n",
       "      <td>0.278126</td>\n",
       "      <td>0.292137</td>\n",
       "      <td>0.442190</td>\n",
       "      <td>0.307226</td>\n",
       "      <td>0.387777</td>\n",
       "      <td>0.233619</td>\n",
       "      <td>0.312065</td>\n",
       "      <td>0.062902</td>\n",
       "      <td>0.150155</td>\n",
       "      <td>0.449457</td>\n",
       "      <td>-0.185858</td>\n",
       "      <td>-0.090157</td>\n",
       "      <td>-0.143549</td>\n",
       "    </tr>\n",
       "    <tr>\n",
       "      <th>Walks</th>\n",
       "      <td>0.624448</td>\n",
       "      <td>0.587311</td>\n",
       "      <td>0.440454</td>\n",
       "      <td>0.697015</td>\n",
       "      <td>0.569505</td>\n",
       "      <td>1.000000</td>\n",
       "      <td>0.134793</td>\n",
       "      <td>0.269450</td>\n",
       "      <td>0.270795</td>\n",
       "      <td>0.349582</td>\n",
       "      <td>0.332977</td>\n",
       "      <td>0.312697</td>\n",
       "      <td>0.429140</td>\n",
       "      <td>0.280855</td>\n",
       "      <td>0.102523</td>\n",
       "      <td>0.081937</td>\n",
       "      <td>0.443867</td>\n",
       "      <td>-0.065760</td>\n",
       "      <td>-0.072732</td>\n",
       "      <td>-0.028461</td>\n",
       "    </tr>\n",
       "    <tr>\n",
       "      <th>Years</th>\n",
       "      <td>0.012725</td>\n",
       "      <td>0.018598</td>\n",
       "      <td>0.113488</td>\n",
       "      <td>-0.011975</td>\n",
       "      <td>0.129668</td>\n",
       "      <td>0.134793</td>\n",
       "      <td>1.000000</td>\n",
       "      <td>0.915681</td>\n",
       "      <td>0.897844</td>\n",
       "      <td>0.722371</td>\n",
       "      <td>0.876649</td>\n",
       "      <td>0.863809</td>\n",
       "      <td>0.837524</td>\n",
       "      <td>-0.020019</td>\n",
       "      <td>-0.085118</td>\n",
       "      <td>-0.156512</td>\n",
       "      <td>0.400657</td>\n",
       "      <td>-0.032893</td>\n",
       "      <td>-0.020316</td>\n",
       "      <td>-0.023964</td>\n",
       "    </tr>\n",
       "    <tr>\n",
       "      <th>CAtBat</th>\n",
       "      <td>0.207166</td>\n",
       "      <td>0.206678</td>\n",
       "      <td>0.217464</td>\n",
       "      <td>0.171811</td>\n",
       "      <td>0.278126</td>\n",
       "      <td>0.269450</td>\n",
       "      <td>0.915681</td>\n",
       "      <td>1.000000</td>\n",
       "      <td>0.995057</td>\n",
       "      <td>0.801676</td>\n",
       "      <td>0.982747</td>\n",
       "      <td>0.950730</td>\n",
       "      <td>0.906712</td>\n",
       "      <td>0.053393</td>\n",
       "      <td>-0.007897</td>\n",
       "      <td>-0.070478</td>\n",
       "      <td>0.526135</td>\n",
       "      <td>-0.023704</td>\n",
       "      <td>-0.018623</td>\n",
       "      <td>-0.004294</td>\n",
       "    </tr>\n",
       "    <tr>\n",
       "      <th>CHits</th>\n",
       "      <td>0.225341</td>\n",
       "      <td>0.235606</td>\n",
       "      <td>0.217496</td>\n",
       "      <td>0.191327</td>\n",
       "      <td>0.292137</td>\n",
       "      <td>0.270795</td>\n",
       "      <td>0.897844</td>\n",
       "      <td>0.995057</td>\n",
       "      <td>1.000000</td>\n",
       "      <td>0.786652</td>\n",
       "      <td>0.984542</td>\n",
       "      <td>0.946797</td>\n",
       "      <td>0.890718</td>\n",
       "      <td>0.067348</td>\n",
       "      <td>-0.013144</td>\n",
       "      <td>-0.068036</td>\n",
       "      <td>0.548910</td>\n",
       "      <td>-0.022853</td>\n",
       "      <td>-0.023642</td>\n",
       "      <td>0.000887</td>\n",
       "    </tr>\n",
       "    <tr>\n",
       "      <th>CHmRun</th>\n",
       "      <td>0.212422</td>\n",
       "      <td>0.189364</td>\n",
       "      <td>0.492526</td>\n",
       "      <td>0.229701</td>\n",
       "      <td>0.442190</td>\n",
       "      <td>0.349582</td>\n",
       "      <td>0.722371</td>\n",
       "      <td>0.801676</td>\n",
       "      <td>0.786652</td>\n",
       "      <td>1.000000</td>\n",
       "      <td>0.825625</td>\n",
       "      <td>0.927903</td>\n",
       "      <td>0.810878</td>\n",
       "      <td>0.093822</td>\n",
       "      <td>-0.188886</td>\n",
       "      <td>-0.165369</td>\n",
       "      <td>0.524931</td>\n",
       "      <td>-0.107299</td>\n",
       "      <td>-0.026987</td>\n",
       "      <td>-0.100298</td>\n",
       "    </tr>\n",
       "    <tr>\n",
       "      <th>CRuns</th>\n",
       "      <td>0.237278</td>\n",
       "      <td>0.238896</td>\n",
       "      <td>0.258347</td>\n",
       "      <td>0.237831</td>\n",
       "      <td>0.307226</td>\n",
       "      <td>0.332977</td>\n",
       "      <td>0.876649</td>\n",
       "      <td>0.982747</td>\n",
       "      <td>0.984542</td>\n",
       "      <td>0.825625</td>\n",
       "      <td>1.000000</td>\n",
       "      <td>0.945677</td>\n",
       "      <td>0.927768</td>\n",
       "      <td>0.059087</td>\n",
       "      <td>-0.038895</td>\n",
       "      <td>-0.094081</td>\n",
       "      <td>0.562678</td>\n",
       "      <td>-0.054318</td>\n",
       "      <td>-0.046812</td>\n",
       "      <td>-0.034618</td>\n",
       "    </tr>\n",
       "    <tr>\n",
       "      <th>CRBI</th>\n",
       "      <td>0.221393</td>\n",
       "      <td>0.219384</td>\n",
       "      <td>0.349858</td>\n",
       "      <td>0.202335</td>\n",
       "      <td>0.387777</td>\n",
       "      <td>0.312697</td>\n",
       "      <td>0.863809</td>\n",
       "      <td>0.950730</td>\n",
       "      <td>0.946797</td>\n",
       "      <td>0.927903</td>\n",
       "      <td>0.945677</td>\n",
       "      <td>1.000000</td>\n",
       "      <td>0.889137</td>\n",
       "      <td>0.095375</td>\n",
       "      <td>-0.096559</td>\n",
       "      <td>-0.115316</td>\n",
       "      <td>0.566966</td>\n",
       "      <td>-0.051421</td>\n",
       "      <td>-0.021564</td>\n",
       "      <td>-0.037184</td>\n",
       "    </tr>\n",
       "    <tr>\n",
       "      <th>CWalks</th>\n",
       "      <td>0.132926</td>\n",
       "      <td>0.122971</td>\n",
       "      <td>0.227183</td>\n",
       "      <td>0.163700</td>\n",
       "      <td>0.233619</td>\n",
       "      <td>0.429140</td>\n",
       "      <td>0.837524</td>\n",
       "      <td>0.906712</td>\n",
       "      <td>0.890718</td>\n",
       "      <td>0.810878</td>\n",
       "      <td>0.927768</td>\n",
       "      <td>0.889137</td>\n",
       "      <td>1.000000</td>\n",
       "      <td>0.058160</td>\n",
       "      <td>-0.066243</td>\n",
       "      <td>-0.129936</td>\n",
       "      <td>0.489822</td>\n",
       "      <td>-0.028988</td>\n",
       "      <td>-0.050494</td>\n",
       "      <td>-0.025703</td>\n",
       "    </tr>\n",
       "    <tr>\n",
       "      <th>PutOuts</th>\n",
       "      <td>0.309607</td>\n",
       "      <td>0.299688</td>\n",
       "      <td>0.250931</td>\n",
       "      <td>0.271160</td>\n",
       "      <td>0.312065</td>\n",
       "      <td>0.280855</td>\n",
       "      <td>-0.020019</td>\n",
       "      <td>0.053393</td>\n",
       "      <td>0.067348</td>\n",
       "      <td>0.093822</td>\n",
       "      <td>0.059087</td>\n",
       "      <td>0.095375</td>\n",
       "      <td>0.058160</td>\n",
       "      <td>1.000000</td>\n",
       "      <td>-0.043390</td>\n",
       "      <td>0.075306</td>\n",
       "      <td>0.300480</td>\n",
       "      <td>0.039525</td>\n",
       "      <td>-0.025351</td>\n",
       "      <td>0.055048</td>\n",
       "    </tr>\n",
       "    <tr>\n",
       "      <th>Assists</th>\n",
       "      <td>0.342117</td>\n",
       "      <td>0.303975</td>\n",
       "      <td>-0.161602</td>\n",
       "      <td>0.179258</td>\n",
       "      <td>0.062902</td>\n",
       "      <td>0.102523</td>\n",
       "      <td>-0.085118</td>\n",
       "      <td>-0.007897</td>\n",
       "      <td>-0.013144</td>\n",
       "      <td>-0.188886</td>\n",
       "      <td>-0.038895</td>\n",
       "      <td>-0.096559</td>\n",
       "      <td>-0.066243</td>\n",
       "      <td>-0.043390</td>\n",
       "      <td>1.000000</td>\n",
       "      <td>0.703505</td>\n",
       "      <td>0.025436</td>\n",
       "      <td>0.052060</td>\n",
       "      <td>-0.017486</td>\n",
       "      <td>0.044136</td>\n",
       "    </tr>\n",
       "    <tr>\n",
       "      <th>Errors</th>\n",
       "      <td>0.325577</td>\n",
       "      <td>0.279876</td>\n",
       "      <td>-0.009743</td>\n",
       "      <td>0.192609</td>\n",
       "      <td>0.150155</td>\n",
       "      <td>0.081937</td>\n",
       "      <td>-0.156512</td>\n",
       "      <td>-0.070478</td>\n",
       "      <td>-0.068036</td>\n",
       "      <td>-0.165369</td>\n",
       "      <td>-0.094081</td>\n",
       "      <td>-0.115316</td>\n",
       "      <td>-0.129936</td>\n",
       "      <td>0.075306</td>\n",
       "      <td>0.703505</td>\n",
       "      <td>1.000000</td>\n",
       "      <td>-0.005401</td>\n",
       "      <td>0.091774</td>\n",
       "      <td>-0.000557</td>\n",
       "      <td>0.063173</td>\n",
       "    </tr>\n",
       "    <tr>\n",
       "      <th>Salary</th>\n",
       "      <td>0.394771</td>\n",
       "      <td>0.438675</td>\n",
       "      <td>0.343028</td>\n",
       "      <td>0.419859</td>\n",
       "      <td>0.449457</td>\n",
       "      <td>0.443867</td>\n",
       "      <td>0.400657</td>\n",
       "      <td>0.526135</td>\n",
       "      <td>0.548910</td>\n",
       "      <td>0.524931</td>\n",
       "      <td>0.562678</td>\n",
       "      <td>0.566966</td>\n",
       "      <td>0.489822</td>\n",
       "      <td>0.300480</td>\n",
       "      <td>0.025436</td>\n",
       "      <td>-0.005401</td>\n",
       "      <td>1.000000</td>\n",
       "      <td>-0.014282</td>\n",
       "      <td>-0.192514</td>\n",
       "      <td>-0.002834</td>\n",
       "    </tr>\n",
       "    <tr>\n",
       "      <th>League_N</th>\n",
       "      <td>-0.153176</td>\n",
       "      <td>-0.153522</td>\n",
       "      <td>-0.222965</td>\n",
       "      <td>-0.206001</td>\n",
       "      <td>-0.185858</td>\n",
       "      <td>-0.065760</td>\n",
       "      <td>-0.032893</td>\n",
       "      <td>-0.023704</td>\n",
       "      <td>-0.022853</td>\n",
       "      <td>-0.107299</td>\n",
       "      <td>-0.054318</td>\n",
       "      <td>-0.051421</td>\n",
       "      <td>-0.028988</td>\n",
       "      <td>0.039525</td>\n",
       "      <td>0.052060</td>\n",
       "      <td>0.091774</td>\n",
       "      <td>-0.014282</td>\n",
       "      <td>1.000000</td>\n",
       "      <td>-0.002723</td>\n",
       "      <td>0.862652</td>\n",
       "    </tr>\n",
       "    <tr>\n",
       "      <th>Division_W</th>\n",
       "      <td>-0.056341</td>\n",
       "      <td>-0.083266</td>\n",
       "      <td>-0.034851</td>\n",
       "      <td>-0.107672</td>\n",
       "      <td>-0.090157</td>\n",
       "      <td>-0.072732</td>\n",
       "      <td>-0.020316</td>\n",
       "      <td>-0.018623</td>\n",
       "      <td>-0.023642</td>\n",
       "      <td>-0.026987</td>\n",
       "      <td>-0.046812</td>\n",
       "      <td>-0.021564</td>\n",
       "      <td>-0.050494</td>\n",
       "      <td>-0.025351</td>\n",
       "      <td>-0.017486</td>\n",
       "      <td>-0.000557</td>\n",
       "      <td>-0.192514</td>\n",
       "      <td>-0.002723</td>\n",
       "      <td>1.000000</td>\n",
       "      <td>-0.002436</td>\n",
       "    </tr>\n",
       "    <tr>\n",
       "      <th>NewLeague_N</th>\n",
       "      <td>-0.089838</td>\n",
       "      <td>-0.094990</td>\n",
       "      <td>-0.199424</td>\n",
       "      <td>-0.154911</td>\n",
       "      <td>-0.143549</td>\n",
       "      <td>-0.028461</td>\n",
       "      <td>-0.023964</td>\n",
       "      <td>-0.004294</td>\n",
       "      <td>0.000887</td>\n",
       "      <td>-0.100298</td>\n",
       "      <td>-0.034618</td>\n",
       "      <td>-0.037184</td>\n",
       "      <td>-0.025703</td>\n",
       "      <td>0.055048</td>\n",
       "      <td>0.044136</td>\n",
       "      <td>0.063173</td>\n",
       "      <td>-0.002834</td>\n",
       "      <td>0.862652</td>\n",
       "      <td>-0.002436</td>\n",
       "      <td>1.000000</td>\n",
       "    </tr>\n",
       "  </tbody>\n",
       "</table>\n",
       "</div>"
      ],
      "text/plain": [
       "                AtBat      Hits     HmRun      Runs       RBI     Walks  \\\n",
       "AtBat        1.000000  0.963969  0.555102  0.899829  0.796015  0.624448   \n",
       "Hits         0.963969  1.000000  0.530627  0.910630  0.788478  0.587311   \n",
       "HmRun        0.555102  0.530627  1.000000  0.631076  0.849107  0.440454   \n",
       "Runs         0.899829  0.910630  0.631076  1.000000  0.778692  0.697015   \n",
       "RBI          0.796015  0.788478  0.849107  0.778692  1.000000  0.569505   \n",
       "Walks        0.624448  0.587311  0.440454  0.697015  0.569505  1.000000   \n",
       "Years        0.012725  0.018598  0.113488 -0.011975  0.129668  0.134793   \n",
       "CAtBat       0.207166  0.206678  0.217464  0.171811  0.278126  0.269450   \n",
       "CHits        0.225341  0.235606  0.217496  0.191327  0.292137  0.270795   \n",
       "CHmRun       0.212422  0.189364  0.492526  0.229701  0.442190  0.349582   \n",
       "CRuns        0.237278  0.238896  0.258347  0.237831  0.307226  0.332977   \n",
       "CRBI         0.221393  0.219384  0.349858  0.202335  0.387777  0.312697   \n",
       "CWalks       0.132926  0.122971  0.227183  0.163700  0.233619  0.429140   \n",
       "PutOuts      0.309607  0.299688  0.250931  0.271160  0.312065  0.280855   \n",
       "Assists      0.342117  0.303975 -0.161602  0.179258  0.062902  0.102523   \n",
       "Errors       0.325577  0.279876 -0.009743  0.192609  0.150155  0.081937   \n",
       "Salary       0.394771  0.438675  0.343028  0.419859  0.449457  0.443867   \n",
       "League_N    -0.153176 -0.153522 -0.222965 -0.206001 -0.185858 -0.065760   \n",
       "Division_W  -0.056341 -0.083266 -0.034851 -0.107672 -0.090157 -0.072732   \n",
       "NewLeague_N -0.089838 -0.094990 -0.199424 -0.154911 -0.143549 -0.028461   \n",
       "\n",
       "                Years    CAtBat     CHits    CHmRun     CRuns      CRBI  \\\n",
       "AtBat        0.012725  0.207166  0.225341  0.212422  0.237278  0.221393   \n",
       "Hits         0.018598  0.206678  0.235606  0.189364  0.238896  0.219384   \n",
       "HmRun        0.113488  0.217464  0.217496  0.492526  0.258347  0.349858   \n",
       "Runs        -0.011975  0.171811  0.191327  0.229701  0.237831  0.202335   \n",
       "RBI          0.129668  0.278126  0.292137  0.442190  0.307226  0.387777   \n",
       "Walks        0.134793  0.269450  0.270795  0.349582  0.332977  0.312697   \n",
       "Years        1.000000  0.915681  0.897844  0.722371  0.876649  0.863809   \n",
       "CAtBat       0.915681  1.000000  0.995057  0.801676  0.982747  0.950730   \n",
       "CHits        0.897844  0.995057  1.000000  0.786652  0.984542  0.946797   \n",
       "CHmRun       0.722371  0.801676  0.786652  1.000000  0.825625  0.927903   \n",
       "CRuns        0.876649  0.982747  0.984542  0.825625  1.000000  0.945677   \n",
       "CRBI         0.863809  0.950730  0.946797  0.927903  0.945677  1.000000   \n",
       "CWalks       0.837524  0.906712  0.890718  0.810878  0.927768  0.889137   \n",
       "PutOuts     -0.020019  0.053393  0.067348  0.093822  0.059087  0.095375   \n",
       "Assists     -0.085118 -0.007897 -0.013144 -0.188886 -0.038895 -0.096559   \n",
       "Errors      -0.156512 -0.070478 -0.068036 -0.165369 -0.094081 -0.115316   \n",
       "Salary       0.400657  0.526135  0.548910  0.524931  0.562678  0.566966   \n",
       "League_N    -0.032893 -0.023704 -0.022853 -0.107299 -0.054318 -0.051421   \n",
       "Division_W  -0.020316 -0.018623 -0.023642 -0.026987 -0.046812 -0.021564   \n",
       "NewLeague_N -0.023964 -0.004294  0.000887 -0.100298 -0.034618 -0.037184   \n",
       "\n",
       "               CWalks   PutOuts   Assists    Errors    Salary  League_N  \\\n",
       "AtBat        0.132926  0.309607  0.342117  0.325577  0.394771 -0.153176   \n",
       "Hits         0.122971  0.299688  0.303975  0.279876  0.438675 -0.153522   \n",
       "HmRun        0.227183  0.250931 -0.161602 -0.009743  0.343028 -0.222965   \n",
       "Runs         0.163700  0.271160  0.179258  0.192609  0.419859 -0.206001   \n",
       "RBI          0.233619  0.312065  0.062902  0.150155  0.449457 -0.185858   \n",
       "Walks        0.429140  0.280855  0.102523  0.081937  0.443867 -0.065760   \n",
       "Years        0.837524 -0.020019 -0.085118 -0.156512  0.400657 -0.032893   \n",
       "CAtBat       0.906712  0.053393 -0.007897 -0.070478  0.526135 -0.023704   \n",
       "CHits        0.890718  0.067348 -0.013144 -0.068036  0.548910 -0.022853   \n",
       "CHmRun       0.810878  0.093822 -0.188886 -0.165369  0.524931 -0.107299   \n",
       "CRuns        0.927768  0.059087 -0.038895 -0.094081  0.562678 -0.054318   \n",
       "CRBI         0.889137  0.095375 -0.096559 -0.115316  0.566966 -0.051421   \n",
       "CWalks       1.000000  0.058160 -0.066243 -0.129936  0.489822 -0.028988   \n",
       "PutOuts      0.058160  1.000000 -0.043390  0.075306  0.300480  0.039525   \n",
       "Assists     -0.066243 -0.043390  1.000000  0.703505  0.025436  0.052060   \n",
       "Errors      -0.129936  0.075306  0.703505  1.000000 -0.005401  0.091774   \n",
       "Salary       0.489822  0.300480  0.025436 -0.005401  1.000000 -0.014282   \n",
       "League_N    -0.028988  0.039525  0.052060  0.091774 -0.014282  1.000000   \n",
       "Division_W  -0.050494 -0.025351 -0.017486 -0.000557 -0.192514 -0.002723   \n",
       "NewLeague_N -0.025703  0.055048  0.044136  0.063173 -0.002834  0.862652   \n",
       "\n",
       "             Division_W  NewLeague_N  \n",
       "AtBat         -0.056341    -0.089838  \n",
       "Hits          -0.083266    -0.094990  \n",
       "HmRun         -0.034851    -0.199424  \n",
       "Runs          -0.107672    -0.154911  \n",
       "RBI           -0.090157    -0.143549  \n",
       "Walks         -0.072732    -0.028461  \n",
       "Years         -0.020316    -0.023964  \n",
       "CAtBat        -0.018623    -0.004294  \n",
       "CHits         -0.023642     0.000887  \n",
       "CHmRun        -0.026987    -0.100298  \n",
       "CRuns         -0.046812    -0.034618  \n",
       "CRBI          -0.021564    -0.037184  \n",
       "CWalks        -0.050494    -0.025703  \n",
       "PutOuts       -0.025351     0.055048  \n",
       "Assists       -0.017486     0.044136  \n",
       "Errors        -0.000557     0.063173  \n",
       "Salary        -0.192514    -0.002834  \n",
       "League_N      -0.002723     0.862652  \n",
       "Division_W     1.000000    -0.002436  \n",
       "NewLeague_N   -0.002436     1.000000  "
      ]
     },
     "execution_count": 3,
     "metadata": {},
     "output_type": "execute_result"
    }
   ],
   "source": [
    "hitters.corr()"
   ]
  },
  {
   "cell_type": "markdown",
   "metadata": {},
   "source": [
    "# 1 Ridge Regression"
   ]
  },
  {
   "cell_type": "markdown",
   "metadata": {},
   "source": [
    "In Ridge Regression, we seek to minimize an objective function of the form:"
   ]
  },
  {
   "cell_type": "markdown",
   "metadata": {},
   "source": [
    "$\\sum_{i=1}^{N}{\\left(y_i-\\beta_0-\\sum_{j=1}^{p}{\\beta_jx_{i,j}}\\right)}^2+\\lambda\\|\\beta_j\\|_2^2$. "
   ]
  },
  {
   "cell_type": "markdown",
   "metadata": {},
   "source": [
    "** SKLEARN.RIDGE minimizes:** (see http://scikit-learn.org/stable/modules/linear_model.html#ridge-regression)"
   ]
  },
  {
   "cell_type": "markdown",
   "metadata": {},
   "source": [
    "$\\min \\left(\\sum_{i=1}^{N}{\\left(y_i-\\beta_0-\\sum_{j=1}^{p}{\\beta_jx_{i,j}}\\right)}^2+\\alpha\\|\\beta_j\\|_2^2\\right)$"
   ]
  },
  {
   "cell_type": "markdown",
   "metadata": {},
   "source": [
    "From the above we can see that  **sklearn minimizes the total squared error**.   sklearn uses the l2 norm scaling. "
   ]
  },
  {
   "cell_type": "code",
   "execution_count": 4,
   "metadata": {},
   "outputs": [
    {
     "name": "stdout",
     "output_type": "stream",
     "text": [
      "sklearn alpha =  24.77076355991714 \n",
      "\n",
      "Intercept      404.264758\n",
      "AtBat            0.037839\n",
      "Hits             0.141609\n",
      "HmRun            0.536690\n",
      "Runs             0.236334\n",
      "RBI              0.245584\n",
      "Walks            0.296780\n",
      "Years            1.132897\n",
      "CAtBat           0.003206\n",
      "CHits            0.011932\n",
      "CHmRun           0.089629\n",
      "CRuns            0.023939\n",
      "CRBI             0.024716\n",
      "CWalks           0.025598\n",
      "PutOuts          0.016928\n",
      "Assists          0.002681\n",
      "Errors          -0.021315\n",
      "League_N         0.101226\n",
      "Division_W      -6.391921\n",
      "NewLeague_N      0.319640\n",
      "dtype: float64 \n",
      "\n",
      "l2 norm of Betas= 6.540417563468821\n"
     ]
    }
   ],
   "source": [
    "# Get the predictors and response from hitters \n",
    "X = hitters.drop('Salary', axis = 1)\n",
    "y = hitters.Salary\n",
    "\n",
    "# list to hold our regression models\n",
    "regr = []\n",
    "\n",
    "# alphas\n",
    "alphas = 10**np.linspace(-4,2,100)\n",
    "\n",
    "# build models\n",
    "for index, alph in enumerate(alphas):\n",
    "    \n",
    "    # NOTE normalize = True does not standardize the regressors by standard deviation, it divides by\n",
    "    # the l2 norm of each column.\n",
    "    model = Ridge(alpha=alph, normalize=True, fit_intercept=True)\n",
    "    \n",
    "    regr = np.append(regr, model.fit(X,y))\n",
    "\n",
    "print('sklearn alpha = ', alphas[89], '\\n')\n",
    "# make a datframe of the results\n",
    "df = pd.Series(data = np.hstack([regr[89].intercept_, regr[89].coef_]), index = [\"Intercept\"]+list(X.columns))\n",
    "\n",
    "print(df,'\\n')\n",
    "\n",
    "print('l2 norm of Betas=', np.sqrt(sum(df.apply(lambda x: x**2).iloc[1:])))"
   ]
  },
  {
   "cell_type": "code",
   "execution_count": 5,
   "metadata": {},
   "outputs": [
    {
     "name": "stdout",
     "output_type": "stream",
     "text": [
      "sklearn alpha = 1.5199110829529332 \n",
      "\n",
      "Intercept      52.027438\n",
      "AtBat           0.111494\n",
      "Hits            0.662911\n",
      "HmRun           1.163824\n",
      "Runs            0.943734\n",
      "RBI             0.850159\n",
      "Walks           1.332308\n",
      "Years           2.566969\n",
      "CAtBat          0.010887\n",
      "CHits           0.047197\n",
      "CHmRun          0.340725\n",
      "CRuns           0.094346\n",
      "CRBI            0.098592\n",
      "CWalks          0.071532\n",
      "PutOuts         0.120357\n",
      "Assists         0.016423\n",
      "Errors         -0.724175\n",
      "League_N       13.991874\n",
      "Division_W    -55.598429\n",
      "NewLeague_N     8.705727\n",
      "dtype: float64 \n",
      "\n",
      "l2 norm of Betas= 58.09658354673229\n"
     ]
    }
   ],
   "source": [
    "# show the alpha in sklearn \n",
    "print('sklearn alpha =', regr[69].alpha, '\\n') \n",
    "\n",
    "# make a datframe of the results\n",
    "df = pd.Series(data = np.hstack([regr[69].intercept_, regr[69].coef_]), \n",
    "               index=['Intercept'] + X.columns.tolist())\n",
    "\n",
    "print(df,'\\n')\n",
    "\n",
    "print('l2 norm of Betas=', np.sqrt(sum(df.apply(lambda x: x**2).iloc[1:])))"
   ]
  },
  {
   "cell_type": "markdown",
   "metadata": {
    "collapsed": true
   },
   "source": [
    "#### Notice the larger l_2 norm when lambda is smaller (i.e. the coeffecient shrinkage is less). "
   ]
  },
  {
   "cell_type": "markdown",
   "metadata": {},
   "source": [
    "## Plot Regression Coeffecients vs Ridge Penalty"
   ]
  },
  {
   "cell_type": "code",
   "execution_count": 6,
   "metadata": {},
   "outputs": [
    {
     "data": {
